function data = readMeshFromComplex(refineMeshStep)
% cc-dfm
%%
node = [1 1 0.2626 0
2 0 0 0
3 0.22 0 0
4 0.45 0 0
5 1 0 0
6 0.22 0.0624 0
7 0.45 0.09 0
8 0.25 0.135 0
9 0.85 0.1667 0
10 0.7 0.235 0
11 0 0.275 0
12 0.05 0.275 0
13 0.6 0.38 0
14 0.815036420395422 0.28323361082206 0
15 0.85 0.2675 0
16 0 0.416 0
17 0.05 0.416 0
18 0.4 0.5 0
19 0 0.63 0
20 0.15 0.63 0
21 0 0.8363 0
22 0.15 0.8363 0
23 0.186314528523642 0.856159575309646 0
24 0.662069589775155 0.793093436402476 0
25 0.8 0.7143000000000001 0
26 1 0.78 0
27 0.15 0.9167 0
28 0.35 0.9714 0
29 0.373242904467723 0.958129004387143 0
30 0.4 0.9727 0
31 0.65 0.8333 0
32 0.75 0.9574 0
33 0 1 0
34 0.15 1 0
35 0.34 1 0
36 0.41 1 0
37 0.75 1 0
38 1 1 0
39 0.95 0.8155 0
40 0.152173913043478 0.203478260869565 0
41 0.05499999999986945 0 0
42 0.1099999999997152 0 0
43 0.1649999999998482 0 0
44 0.22 0.03437535951748019 0
45 0.2049751897919974 0.09365160523264529 0
46 0.1907184451790311 0.123305634027615 0
47 0.1771905059877422 0.1514437475454958 0
48 0.1643541117734385 0.1781434475112472 0
49 0.1290860207007826 0.2196397855094519 0
50 0.1044330042783744 0.2368968970051377 0
51 0.07810876116042449 0.2553238671877028 0
52 0 0.2200000000000943 0
53 0 0.1650000000002873 0
54 0 0.1100000000002906 0
55 0 0.05500000000015071 0
56 0.27749999999987 0 0
57 0.3349999999997073 0 0
58 0.3924999999998591 0 0
59 0.45 0.04982765694899723 0
60 0.4100000000001053 0.0989999999999763 0
61 0.3700000000002142 0.1079999999999518 0
62 0.3300000000002264 0.1169999999999491 0
63 0.2900000000001127 0.1259999999999746 0
64 0.2230873563359003 0.1538388505648697 0
65 0.1978832937762627 0.1714816943566159 0
66 0.1742793418823318 0.1880044606823674 0
67 0.5111111111109666 0 0
68 0.5722222222219981 0 0
69 0.6333333333330733 0 0
70 0.6944444444440616 0 0
71 0.7555555555550932 0 0
72 0.8166666666662982 0 0
73 0.8777777777774936 0 0
74 0.9388888888886817 0 0
75 1 0.05251999999987846 0
76 1 0.1050399999997242 0
77 1 0.1575599999997106 0
78 1 0.2100799999998439 0
79 0.9426739083857026 0.264472652326067 0
80 0.8930158018160707 0.266094817140675 0
81 0.8266909469302145 0.2443890738815962 0
82 0.8383454734650738 0.2055445369409092 0
83 0.8125000000002318 0.1837749999998944 0
84 0.7750000000003741 0.2008499999998297 0
85 0.7375000000002001 0.2179249999999089 0
86 0.6642857142860271 0.2142857142858957 0
87 0.6285714285720694 0.1935714285718002 0
88 0.5928571428581099 0.1728571428577037 0
89 0.5571428571438137 0.152142857143412 0
90 0.5214285714292083 0.1314285714289408 0
91 0.4857142857146041 0.1107142857144704 0
92 0.4300000000000388 0.1259999999999302 0
93 0.4100000000000793 0.1619999999998574 0
94 0.3900000000001374 0.1979999999997527 0
95 0.3700000000001758 0.2339999999996836 0
96 0.350000000000221 0.2699999999996021 0
97 0.3300000000002868 0.3059999999994838 0
98 0.3100000000003469 0.3419999999993756 0
99 0.2900000000003441 0.3779999999993806 0
100 0.2700000000002936 0.4139999999994715 0
101 0.2500000000002468 0.4499999999995556 0
102 0.2300000000002055 0.4859999999996301 0
103 0.2100000000001502 0.5219999999997296 0
104 0.1900000000001172 0.557999999999789 0
105 0.1700000000000509 0.5939999999999083 0
106 0.1069841981839206 0.63 0
107 0.05732609161445301 0.63 0
108 0 0.5765000000000758 0
109 0 0.5230000000002384 0
110 0 0.46950000000013 0
111 0.139166535338191 0.230533606496562 0
112 0.1256623853865724 0.2586222383959288 0
113 0.1116424869778643 0.2877836270860417 0
114 0.09708714297432568 0.3180587426134022 0
115 0.08197589997215136 0.3494901280579249 0
116 0.06628753340762891 0.3821219305121317 0
117 0 0.3690000000001266 0
118 0 0.3220000000001518 0
119 0.7791970169962252 0.2993613423516985 0
120 0.7433576135971133 0.315489073881299 0
121 0.7075182101979179 0.3316168054109369 0
122 0.6716788067986554 0.347744536940605 0
123 0.6358394033992987 0.3638722684703156 0
124 0.5666666666666747 0.3999999999999952 0
125 0.5333333333334258 0.4199999999999445 0
126 0.5000000000002917 0.439999999999825 0
127 0.4666666666668611 0.4599999999998833 0
128 0.4333333333334289 0.4799999999999426 0
129 0.3786314528524086 0.5356159575308906 0
130 0.3572629057048411 0.5712319150617414 0
131 0.3358943585572642 0.6068478725926078 0
132 0.3145258114096933 0.6424638301234642 0
133 0.2931572642621291 0.6780797876543097 0
134 0.2717887171144224 0.7136957451853923 0
135 0.2504201699667702 0.7493117027163843 0
136 0.2290516228189715 0.7849276602476203 0
137 0.2076830756713503 0.8205436177785606 0
138 0.1000000000001282 0.8363 0
139 0.05000000000012729 0.8363 0
140 0 0.784725000000065 0
141 0 0.7331500000002817 0
142 0 0.6815750000000649 0
143 0.8032697411169647 0.3224535974050863 0
144 0.7915030618385162 0.3616735839880836 0
145 0.7797363825600505 0.4008935705711376 0
146 0.7679697032816131 0.4401135571540976 0
147 0.7562030240031648 0.4793335437370942 0
148 0.7444363447247157 0.5185535303200931 0
149 0.7326696654462449 0.5577735169031641 0
150 0.720902986167724 0.5969935034864027 0
151 0.7091363068892 0.6362134900696512 0
152 0.6973696276107031 0.6754334766528096 0
153 0.6856029483321904 0.7146534632360204 0
154 0.6738362690536721 0.7538734498192503 0
155 0.6261106664710091 0.8136403651784649 0
156 0.5911848621058643 0.8335969697927088 0
157 0.5572625053389332 0.8529802044493333 0
158 0.5243147631542838 0.8718065443336419 0
159 0.4923136313220941 0.8900919910625552 0
160 0.4612319175174166 0.907852082330548 0
161 0.4310432095672457 0.9251019100532756 0
162 0.4017218440806076 0.9418561382923407 0
163 0.3453921230421844 0.9429364031195116 0
164 0.3162964928412638 0.9270647368449092 0
165 0.2859003502312124 0.9104836410511261 0
166 0.2541455811161238 0.8931614144988451 0
167 0.2209714552935228 0.8750649288626161 0
168 1 0.3272749999998808 0
169 1 0.3919499999996966 0
170 1 0.4566249999994798 0
171 1 0.5212999999992629 0
172 1 0.5859749999993279 0
173 1 0.6506499999995664 0
174 1 0.715324999999805 0
175 0.941657584645331 0.7608345165559912 0
176 0.8892718741621057 0.7436258106622518 0
177 0.8422347152065548 0.7281741039453533 0
178 0.7655173974438518 0.733998359100583 0
179 0.731034794887811 0.7536967182011046 0
180 0.6965521923314713 0.773395077301797 0
181 0.1701051985438365 0.883182360977499 0
182 0.15 0.9583499999998916 0
183 0.1000000000001282 1 0
184 0.05000000000012729 1 0
185 0 0.945433333333449 0
186 0 0.8908666666668403 0
187 0.2998770208471163 1 0
188 0.2551917197640612 1 0
189 0.2054252947084821 1 0
190 0.3750000000000651 1 0
191 0.6791712078627064 0.8695014689576186 0
192 0.7053640632518721 0.9020068024955733 0
193 0.7288826428450789 0.9311933597707429 0
194 0.692020242599189 1 0
195 0.6375009924861943 1 0
196 0.586235726179605 1 0
197 0.5380302331931546 1 0
198 0.4927018889858972 1 0
199 0.4500789724481019 1 0
200 0.9724916246235843 0.7995309465172552 0
201 0.9166666666667626 0.8391499999999319 0
202 0.8833333333335738 0.8627999999998294 0
203 0.8500000000002075 0.8864499999998529 0
204 0.8166666666668343 0.9100999999998811 0
205 0.7833333333334345 0.9337499999999283 0
206 1 0.8349999999998481 0
207 1 0.8899999999996747 0
208 1 0.9449999999997615 0
209 0.9375 1 0
210 0.875 1 0
211 0.8125 1 0
212 0.1618943676328857 0.1235808059849256 0
213 0.09907992172760141 0.2116010387652422 0
214 0.04389233729827222 0.1397845071510995 0
215 0.08260909983057818 0.04665074320905539 0
216 0.1876890619386415 0.07005716632671545 0
217 0.1366202416707348 0.1826055909131343 0
218 0.1312274428458312 0.04381322622335866 0
219 0.1041167085585778 0.08572244187650449 0
220 0.04165600901654582 0.239833873444111 0
221 0.04585806398745032 0.1894284967633045 0
222 0.0811196130163802 0.1646660875089286 0
223 0.04959025082646957 0.08581216776079 0
224 0.1510120324358899 0.0856779040075662 0
225 0.0759692289514001 0.2242508767135643 0
226 0.1470908763729971 0.153639646576877 0
227 0.1276680469305965 0.1216568180078357 0
228 0.08693005239711057 0.125837263928006 0
229 0.1149841948425199 0.1552233480958543 0
230 0.1951962661314863 0.02459608855601267 0
